4.713
25.579
27.613
22.659
20.153
.701
11.528
30.879
30.601
5.456
31.798
29.428
18.436
30.170
14.867
20.398
15.603
21.247
31.521
1.071
10.212
24.035
24.716
11.780
29.100
27.469
31.024
32.044
1.652
10.680
29.953
19.639
28.890
29.186
22.476
27.558
23.934
31.325
28.912
28.689
14.490
.372
12.161
28.241
21.717
18.345
24.867
30.899
4.456
25.850
20.499
4.874
12.700
7.294
6.106
15.140
11.380
6.565
5.209
14.185
21.985
11.164
30.718
4.321
17.863
21.146
6.614
25.260
1.468
1.013
14.613
31.713
26.739
11.801
9.092
22.808
23.944
22.354
31.556
8.613
5.394
11.832
6.345
10.761
12.914
24.770
8.454
19.064
25.957
23.880
17.054
3.158
30.869
24.504
18.689
1.787
30.418
7.460
1.828
17.294
